1 10
100 200
201 210
900 1000
10 1
150 150
12 234
123 314
12321 33243
6576 5767
7785 756
767 8987
5465 7567
8768 345
65645 756
5646 24343
33434 4657
35253 35466
54545 56565
5665 1223
97879 1234 
5453 12432 
54653 43245
76574 24254 
134 32435
43552 52515
1 1
2 3 
354 56745
87658 6546
465 645
656 65465
465 6546
4345 54634
758 4654
87687 4564
678 68679
465 354
5 5765
4674 857
66 465
5654 464
99999 9999 
99999 9998 
111 222 
333 444 
555 666 
777 888 
999 1 
1234 2345 
3456 4567 
5678 6789 
7890 8901 
9012 3456 
123 5678 
11111 22222 
11223 22334 
33333 44445 
1555 1555 
1111 1111 
22222 22222 
33333 44444 
605293 606510
956739 956006                                    
826611 825983
756134 756776
478642 479101
815892 815933
719220 719135
929349 929040
948351 948681
491808 491202                                      
504516 507852
604712 604712
436809 436182            
630804 630542
975948 975688
945718 945752
747700 747747
652581 653137
824003 823974
655077 655161
567537 567893
851101 851038
524621 524569
549210 549073
782205 782263
422252 422691
285142 285524
478472 479285
485461 484957
748121 748121
823874 824088
359661 358904
2 1596
99 9999
1 1999
340 30100
5 6
7 10
1 98746
9999 9998
788836 791387
919454 919499
575642 575716
915504 916839
285788 285880
919365 918704
827554 827930
850429 850334
737959 737960
809210 810518
974713 974143
456486 455019
727712 727631
743706 745566
465147 463724
945152 944673
776248 775948
541191 542743
256518 255672
947523 950576
423648 421688
574485 575669
588113 587943
748123 748033
930036 929896
982165 982843
806280 806281
379341 379868
155281 158691
854261 855194
827665 827456
806029 805322
276791 280194
655238 655329
358577 358839
842747 844169
612687 612358
810273 809602
431700 431055
281758 283365
984263 984008
884741 885879
724852 724070
869222 869573
2 2 
1 1 
5 10 
5 5 
5 5 
7 8 
9 9999 
1 10000 
600 500 
1000 7000 
300 9000 
10000 700 
1 1 
20 100 
1 10 
10000 10000 
500 1 
850670 851113
978562 976960
319662 322868
560495 559981
831101 831011
38429 32428
12394 23848
1 10000
23858 29582
3 23959
102 4357
39 25451
3246 23756
3 10
3756 23674
23852 2721
2427 3721
35230 23582
48245 2722
2383 39912
38482 59932
1116 56662
1233 56475
35647 4676
5786 765
98756 7654
4235 67458
867 6544
45 78
87697 64586
5364 897
25364 89654
3564 6879
1425 64758
2536 789
25346 7890
35648 9876
